test: 1 client com [1 até 10 threads]

-------------------

1655147449364647471 4
1655147450365249431 4
1655147451366649467 4
1655147452373360110 4
1655147453374489263 4
1655147454375616698 4

1655147448424959197 3165869
1655147448661395707 1964221
1655147448867554748 5875129
1655147449157166022 4807524
1655147449452288781 8020210
1655147449740147848 7728758
1655147450052286364 2665167
1655147450303555828 3470889
1655147450544470964 2648956
1655147450753176502 8386463
1655147450958958137 5276696
1655147451211299288 2866611
1655147451420831437 9194132
1655147451707447716 6119586
1655147451956645380 2289114
1655147452166604296 9604161
1655147452385887392 18932827
1655147452612708518 2152129
1655147452890035203 4198003
1655147453183587816 7308823
1655147453495474730 4494545
1655147453753982533 4528281
1655147454035891775 9727236
1655147454321132697 6278007

-------------------

1655147501434345192 4
1655147502435477118 8
1655147503436613394 8
1655147504437282220 9
1655147505437800205 8
1655147506438916844 7
1655147507440031640 4

1655147500983889528 27572659
1655147501280842138 2341366
1655147501568755429 4928840
1655147501855008858 2543411
1655147502140605193 5229498
1655147502345562034 4607076
1655147502588160623 3399643
1655147502793912229 5419632
1655147503024575497 24004504
1655147503256917959 15975102
1655147503467585144 10280799
1655147503671240547 3350522
1655147503903081901 26225683
1655147504110483130 6226729
1655147504333599179 2675130
1655147504541583774 7670570
1655147504779196395 2339018
1655147505120408038 12996861
1655147505340894571 16966959
1655147505558672782 17376857
1655147505929828893 23763091
1655147506234172250 4868033
1655147506496031362 4466865
1655147506775856648 6153634

-------------------

1655147538482613632 3
1655147539483760064 10
1655147540487112279 14
1655147541488238522 13
1655147542490242860 11
1655147543492074442 14
1655147544492365033 7

1655147538354260421 6607570
1655147538736257223 4670345
1655147539063629040 2652462
1655147539290792714 21793937
1655147539512412558 20952807
1655147539748749475 2596436
1655147540059099870 2520913
1655147540356408217 16130024
1655147540562344995 3200337
1655147540768686853 6086830
1655147540973182749 4227875
1655147541183888835 10366977
1655147541465276087 6930124
1655147541672130325 6477041
1655147542024320815 3170452
1655147542246631617 16873694
1655147542459857855 11861207
1655147542663066139 2917692
1655147542896664395 2440018
1655147543149488924 4678847
1655147543458713363 43178073
1655147543815535597 20264993
1655147544155267609 7027504

-------------------

1655147568517271758 8
1655147569518856189 16
1655147570519945967 14
1655147571520569195 14
1655147572521672026 19
1655147573522761071 14
1655147574523389533 13

1655147568203973473 50445693
1655147568439517344 35196328
1655147568673094419 31130318
1655147568876072189 2563685
1655147569113579062 3138790
1655147569318173950 4241862
1655147569560192164 3349920
1655147569783571313 14455789
1655147570096594341 112629154
1655147570300756672 3441375
1655147570524482490 2139713
1655147570728981486 4207369
1655147570937813320 3057502
1655147571147748727 2907020
1655147571539357160 13510057
1655147571748355821 8631995
1655147571976950744 2302419
1655147572201469300 1951027
1655147572498301301 3028460
1655147572802556901 3257362
1655147573041520011 33466275
1655147573290582041 3013020
1655147573528382622 3068950
1655147573732988066 4216894
1655147573944231161 10966336
1655147574171923147 3852587

-------------------

1655147597546415067 1
1655147598547539277 15
1655147599548620481 19
1655147600550689319 18
1655147601551568693 20
1655147602552673108 19
1655147603553262131 14

1655147597535472726 27405214
1655147598022271112 23759302
1655147598251091665 26477002
1655147598648755330 4113781
1655147598870304541 12814472
1655147599076997195 6374176
1655147599493308372 45112464
1655147599723789063 12374024
1655147599953417093 24160986
1655147600157443410 3708387
1655147600466983361 22376055
1655147600670961982 3393982
1655147600977801047 103545808
1655147601231647643 1980626
1655147601454045247 22072328
1655147601683209715 3496901
1655147602038911604 47333349
1655147602262822134 8636722
1655147602506563554 38230214
1655147602921896171 25384207
1655147603455057391 53992091

-------------------

1655147656616165186 6
1655147657616551481 21
1655147658617594947 20
1655147659618671203 19
1655147660620295683 24
1655147661621280261 17
1655147662622379420 21

1655147656552596820 40391723
1655147656762162737 9197361
1655147656989032919 2253009
1655147657215803401 1888899
1655147657427625422 9511646
1655147657647707322 19813933
1655147657886570771 33736188
1655147658092006042 3690513
1655147658320916097 2645361
1655147658656472066 120007843
1655147659126645710 84278389
1655147659503749571 3614540
1655147659735393380 26231369
1655147659964096569 23008420
1655147660255480464 2542060
1655147660490765962 29856212
1655147660835715542 4793581
1655147661278416372 25323990
1655147661601917150 123022229
1655147661872135163 6665882
1655147662114488432 3445249
1655147662407250614 37559771

-------------------

1655147690652108331 5
1655147691654578903 24
1655147692655629887 25
1655147693657232360 29
1655147694658332353 19
1655147695659426222 22
1655147696660524361 28

1655147690641207086 28423469
1655147690967857478 5821063
1655147691190380807 15747159
1655147691543530717 54970465
1655147691808608500 3376217
1655147692098266722 4425308
1655147692320823361 17227035
1655147692750086726 11502607
1655147692998544510 40136648
1655147693203247715 4403125
1655147693525518677 26905887
1655147693733250132 5027354
1655147694086951569 128778049
1655147694379619479 2677850
1655147694694726473 42334800
1655147695029945278 115278713
1655147695506871823 77423589
1655147695747532231 3145075
1655147696093166763 3221528
1655147696309106571 11813743
1655147696535581951 17475282

-------------------

1655147723690352989 24
1655147724691437593 32
1655147725691931279 30
1655147726693022680 32
1655147727693442261 32
1655147728694606011 26
1655147729695347041 4

1655147722879342632 32985950
1655147723214147977 1873227
1655147723477015304 59537339
1655147723752843888 72069461
1655147724042536249 1845277
1655147724351062851 7348278
1655147724590122157 3619790
1655147724988246152 3223869
1655147725303020520 15123163
1655147725576840461 2766923
1655147725807922114 1965479
1655147726123506147 4977348
1655147726407354890 55489605
1655147726611076387 3349580
1655147726825947523 12578534
1655147727030422028 4203269
1655147727234232984 3541828
1655147727439415841 4910494
1655147727803916293 21374835
1655147728052045758 40151370
1655147728277421395 2384688
1655147728589238178 85188158

-------------------

1655147754720670789 25
1655147755721304341 29
1655147756722415155 22
1655147757723515559 15
1655147758724669391 23
1655147759725257707 17
1655147760726354938 9

1655147753956890696 77959883
1655147754471197073 78087463
1655147754805813838 41921747
1655147755356286370 22317478
1655147755570069790 8046896
1655147755849684614 21389610
1655147756596313096 212855164
1655147757247670139 24282179
1655147757889574829 7589948
1655147758589301492 109749631
1655147759109552560 103088996
1655147759347524858 6208533
1655147759657530979 67375939
1655147759881278094 3115428

-------------------

1655147792763377052 31
1655147793764478614 36
1655147794765291547 27
1655147795766385596 26
1655147796766484733 25
1655147797767537480 32
1655147798768597978 7

1655147791911962832 27813007
1655147792320486101 17442254
1655147792644129469 112695891
1655147792919264076 11509557
1655147793153608243 20265845
1655147793508046186 27338763
1655147793911816958 15017419
1655147794290677676 154180652
1655147794983962560 195198716
1655147795247958023 58360878
1655147795514525577 2209353
1655147795821736429 25244039
1655147796174271591 4846163
1655147796798290954 8978778
1655147797339199556 3491451
1655147797611585966 68586166
1655147797891228950 22205117

-------------------
