Sem replicação
1x Servidor
1x Client
Nanosegundos
Intervalo latency diferença nanosegundos

1655066768696571608 0
1655066769697276396 0
1655066770701546723 0
1655066771702731604 9
1655066772703858965 7
1655066773705064641 8
1655066774705238348 9
1655066775706353671 8
1655066776707009154 6
1655066777708289517 8
1655066778709256124 9
1655066779710353105 6
1655066780713253708 10
1655066781714552790 8
1655066782715639791 6
1655066783716787963 9
1655066784717455701 9
1655066785718517048 8


1655066779723456008 13912366
1655066779930652489 6176236
1655066780134907314 3972243
1655066780423025235 5920598
1655066780654558842 2186900
1655066780882615468 2677078
1655066781161575552 5665125
1655066781364210670 2302312
1655066781651751923 2802760
1655066781995481151 7277394
1655066782279602891 6685364
1655066782579641695 5964670
1655066782790223810 5116475
1655066783000837982 10222369
1655066783206908925 5640244
1655066783412978508 5668559
1655066783645443520 2332773
1655066783896786364 4188970
1655066784170007982 6169662
1655066784431097326 4943349
1655066784681188559 3654309
1655066784913038725 2319317
1655066785136858018 2701233
1655066785339583593 2414802
1655066785574686186 9836486
1655066785779268455 2471602
1655066785987457368 7794846
1655066786240841034 3968709
1655066786476717433 5589576

#############################################

Sem replicação
1x Servidor
2x Client
Nanosegundos
Intervalo latency diferença nanosegundos

